1 300 300 1.8 100 200 20 3491 14.2 6.48 2.01
2 200 400 1.8 100 50 10 3884 3.9 5.98 1.91
3 200 400 1.2 150 200 20 4931 24.8 5.39 1.85
4 300 400 1.8 150 200 20 4726 6.6 5.97 2.11
5 200 400 1.2 150 50 10 5089 12.4 5.61 2.16
6 300 300 1.8 150 200 10 3452 6.5 6.55 2.28
7 300 400 1.8 100 50 20 5164 1 8.51 2.06
8 250 350 1.5 125 125 15 4108 8.9 5.74 1.89
9 200 300 1.8 150 200 20 3494 8.3 6.24 1.32
10 300 400 1.2 150 50 20 5300 0.5 9.64 3.09
11 300 300 1.2 100 200 10 2800 12.7 4.38 1.42
12 200 300 1.2 150 200 10 3396 15.1 4.99 2.09
13 200 400 1.2 100 200 10 4176 41.2 5.01 2.58
14 300 400 1.8 150 50 10 4992 3.8 9.28 2.37
15 200 300 1.8 100 50 20 3684 0.7 6.9 2.08
16 200 400 1.8 100 200 20 2704 27.3 4.41 1.58
17 200 300 1.2 100 200 20 3515 11.6 5.84 1.99
18 300 300 1.2 150 50 10 3895 1.9 13.25 4.17
19 200 300 1.2 100 50 10 3318 22.5 5.47 2.06
20 200 300 1.8 150 50 10 3245 11.6 5.87 2.1
21 300 400 1.2 150 200 10 4112 18 4.58 1.76
22 200 400 1.2 100 50 20 4777 14.6 6.11 1.69
23 200 400 1.8 150 200 10 4229 26.7 5.91 1.78
24 300 400 2.2 100 200 20 4486 55.2 5.85 1.72
25 250 350 1.5 125 125 15 4433 14.2 6.02 1.97
26 300 300 1.2 100 50 20 4453 11.3 11.11 2.89
27 300 300 1.8 100 50 10 3839 2.7 10.55 2.98
28 300 300 1.2 150 200 20 3643 15.1 5.85 2.1
29 200 300 1.2 150 50 20 3723 24.1 6.08 2.17
30 200 300 1.8 100 200 10 2810 15.4 5.52 1.93
31 200 400 1.8 150 50 20 4703 1.8 6.35 1.85
32 300 400 1.8 100 200 10 3141 26.6 2.65 1.42
33 300 300 1.8 125 50 20 4439 2.9 15.15 3.71
34 300 400 1.2 100 50 10 4975 1.2 7.95 2.42
35 250 350 1.5 150 125 15 4500 22.8 5.41 1.99
36 250 350 1.5 125 125 3 4069 6.6 5.77 2.31
37 250 231 1.5 125 125 15 3254 2.9 9.14 3.43
38 250 350 1.5 125 200 15 4106 21.3 6.73 2.12
39 250 350 0.8 125 125 15 5139 4.7 6.61 2.99
40 369 350 1.5 125 125 15 4758 5.3 9.67 2.71
41 250 350 1.5 125 0 15 4700 1.8 9.81 2.82
42 250 350 1.5 125 125 15 4390 13.5 7.72 2.05
43 250 350 1.5 64 125 15 4007 11.4 7.35 2.05
44 250 350 1.5 184 125 15 4643 7.3 6.93 2.28
45 250 350 1.5 125 125 15 4408 5 6.42 2.06
46 250 350 1.5 125 125 15 4579 10.4 7.41 2.28
47 250 350 2.2 125 125 15 4628 8 8.43 2.4
48 250 350 1.5 125 125 15 4703 2.4 7.18 2.27
49 250 469 1.5 125 125 15 5515 6.8 6.41 1.97
50 131 350 1.5 125 125 15 3970 6 6.22 2.07
51 250 350 1.5 125 125 27 4871 7.9 7.82 2.18
52 250 350 1.5 125 125 15 4692 5.4 7.08 2.27
53 250 350 1.5 125 125 15 4768 1.9 7.08 2.27

